structure(list(edge = structure(c(847L, 847L, 848L, 848L, 849L, 
849L, 850L, 850L, 851L, 1690L, 1690L, 1691L, 1691L, 851L, 852L, 
1688L, 1688L, 1689L, 1689L, 852L, 853L, 1687L, 1687L, 853L, 854L, 
1686L, 1686L, 854L, 855L, 1685L, 1685L, 855L, 856L, 856L, 857L, 
857L, 858L, 859L, 860L, 860L, 859L, 861L, 875L, 875L, 876L, 882L, 
882L, 876L, 877L, 878L, 878L, 879L, 879L, 877L, 880L, 880L, 881L, 
881L, 861L, 862L, 862L, 863L, 863L, 864L, 864L, 865L, 865L, 866L, 
866L, 867L, 874L, 874L, 867L, 868L, 873L, 873L, 868L, 869L, 869L, 
870L, 870L, 871L, 871L, 872L, 872L, 858L, 883L, 1640L, 1640L, 
1641L, 1641L, 1642L, 1681L, 1681L, 1682L, 1682L, 1683L, 1683L, 
1684L, 1684L, 1642L, 1643L, 1643L, 1644L, 1645L, 1645L, 1646L, 
1646L, 1647L, 1647L, 1648L, 1648L, 1644L, 1649L, 1680L, 1680L, 
1649L, 1650L, 1650L, 1651L, 1678L, 1678L, 1679L, 1679L, 1651L, 
1652L, 1652L, 1653L, 1653L, 1654L, 1654L, 1655L, 1656L, 1656L, 
1655L, 1657L, 1657L, 1658L, 1658L, 1659L, 1671L, 1671L, 1672L, 
1672L, 1673L, 1677L, 1677L, 1673L, 1674L, 1674L, 1675L, 1675L, 
1676L, 1676L, 1659L, 1660L, 1661L, 1661L, 1660L, 1662L, 1662L, 
1663L, 1663L, 1664L, 1665L, 1665L, 1664L, 1666L, 1666L, 1667L, 
1667L, 1668L, 1668L, 1669L, 1669L, 1670L, 1670L, 883L, 884L, 
1621L, 1622L, 1622L, 1621L, 1623L, 1623L, 1624L, 1624L, 1625L, 
1626L, 1629L, 1629L, 1626L, 1627L, 1627L, 1628L, 1628L, 1625L, 
1630L, 1631L, 1631L, 1632L, 1632L, 1630L, 1633L, 1633L, 1634L, 
1635L, 1635L, 1636L, 1636L, 1634L, 1637L, 1637L, 1638L, 1638L, 
1639L, 1639L, 884L, 885L, 1607L, 1608L, 1608L, 1609L, 1610L, 
1610L, 1611L, 1611L, 1609L, 1612L, 1612L, 1613L, 1613L, 1607L, 
1614L, 1615L, 1615L, 1616L, 1616L, 1614L, 1617L, 1618L, 1618L, 
1617L, 1619L, 1619L, 1620L, 1620L, 885L, 886L, 1374L, 1577L, 
1578L, 1578L, 1579L, 1579L, 1580L, 1580L, 1577L, 1581L, 1598L, 
1599L, 1599L, 1598L, 1600L, 1605L, 1605L, 1606L, 1606L, 1600L, 
1601L, 1604L, 1604L, 1601L, 1602L, 1602L, 1603L, 1603L, 1581L, 
1582L, 1583L, 1583L, 1584L, 1584L, 1582L, 1585L, 1593L, 1594L, 
1594L, 1595L, 1595L, 1593L, 1596L, 1596L, 1597L, 1597L, 1585L, 
1586L, 1586L, 1587L, 1588L, 1588L, 1587L, 1589L, 1589L, 1590L, 
1591L, 1591L, 1590L, 1592L, 1592L, 1374L, 1375L, 1573L, 1573L, 
1574L, 1574L, 1575L, 1575L, 1576L, 1576L, 1375L, 1376L, 1572L, 
1572L, 1376L, 1377L, 1498L, 1499L, 1505L, 1505L, 1506L, 1506L, 
1507L, 1507L, 1508L, 1508L, 1499L, 1500L, 1500L, 1501L, 1504L, 
1504L, 1501L, 1502L, 1502L, 1503L, 1503L, 1498L, 1509L, 1510L, 
1510L, 1511L, 1533L, 1534L, 1534L, 1535L, 1535L, 1533L, 1536L, 
1536L, 1537L, 1537L, 1511L, 1512L, 1532L, 1532L, 1512L, 1513L, 
1514L, 1515L, 1515L, 1514L, 1516L, 1516L, 1517L, 1517L, 1513L, 
1518L, 1519L, 1519L, 1518L, 1520L, 1527L, 1527L, 1528L, 1528L, 
1529L, 1530L, 1530L, 1529L, 1531L, 1531L, 1520L, 1521L, 1522L, 
1522L, 1521L, 1523L, 1523L, 1524L, 1525L, 1525L, 1524L, 1526L, 
1526L, 1509L, 1538L, 1539L, 1539L, 1540L, 1541L, 1541L, 1542L, 
1542L, 1543L, 1543L, 1544L, 1544L, 1540L, 1545L, 1546L, 1546L, 
1545L, 1547L, 1551L, 1551L, 1547L, 1548L, 1548L, 1549L, 1549L, 
1550L, 1550L, 1538L, 1552L, 1552L, 1553L, 1571L, 1571L, 1553L, 
1554L, 1569L, 1569L, 1570L, 1570L, 1554L, 1555L, 1563L, 1564L, 
1564L, 1565L, 1565L, 1563L, 1566L, 1567L, 1567L, 1566L, 1568L, 
1568L, 1555L, 1556L, 1556L, 1557L, 1562L, 1562L, 1557L, 1558L, 
1559L, 1559L, 1558L, 1560L, 1560L, 1561L, 1561L, 1377L, 1378L, 
1472L, 1473L, 1481L, 1481L, 1473L, 1474L, 1480L, 1480L, 1474L, 
1475L, 1479L, 1479L, 1475L, 1476L, 1476L, 1477L, 1477L, 1478L, 
1478L, 1472L, 1482L, 1482L, 1483L, 1495L, 1495L, 1496L, 1496L, 
1497L, 1497L, 1483L, 1484L, 1484L, 1485L, 1485L, 1486L, 1487L, 
1488L, 1488L, 1487L, 1489L, 1489L, 1486L, 1490L, 1494L, 1494L, 
1490L, 1491L, 1492L, 1492L, 1491L, 1493L, 1493L, 1378L, 1379L, 
1466L, 1466L, 1467L, 1468L, 1468L, 1467L, 1469L, 1470L, 1470L, 
1469L, 1471L, 1471L, 1379L, 1380L, 1380L, 1381L, 1430L, 1465L, 
1465L, 1430L, 1431L, 1431L, 1432L, 1463L, 1463L, 1464L, 1464L, 
1432L, 1433L, 1434L, 1435L, 1435L, 1436L, 1436L, 1437L, 1437L, 
1434L, 1438L, 1438L, 1439L, 1439L, 1440L, 1440L, 1433L, 1441L, 
1441L, 1442L, 1443L, 1443L, 1442L, 1444L, 1444L, 1445L, 1446L, 
1450L, 1450L, 1446L, 1447L, 1448L, 1448L, 1447L, 1449L, 1449L, 
1445L, 1451L, 1451L, 1452L, 1460L, 1460L, 1461L, 1461L, 1462L, 
1462L, 1452L, 1453L, 1453L, 1454L, 1455L, 1455L, 1456L, 1456L, 
1454L, 1457L, 1457L, 1458L, 1458L, 1459L, 1459L, 1381L, 1382L, 
1382L, 1383L, 1383L, 1384L, 1384L, 1385L, 1385L, 1386L, 1386L, 
1387L, 1387L, 1388L, 1427L, 1427L, 1428L, 1428L, 1429L, 1429L, 
1388L, 1389L, 1416L, 1416L, 1417L, 1417L, 1418L, 1418L, 1419L, 
1424L, 1424L, 1425L, 1425L, 1426L, 1426L, 1419L, 1420L, 1420L, 
1421L, 1421L, 1422L, 1422L, 1423L, 1423L, 1389L, 1390L, 1413L, 
1413L, 1414L, 1414L, 1415L, 1415L, 1390L, 1391L, 1406L, 1406L, 
1407L, 1407L, 1408L, 1408L, 1409L, 1412L, 1412L, 1409L, 1410L, 
1410L, 1411L, 1411L, 1391L, 1392L, 1392L, 1393L, 1393L, 1394L, 
1394L, 1395L, 1395L, 1396L, 1396L, 1397L, 1398L, 1399L, 1399L, 
1398L, 1400L, 1400L, 1401L, 1401L, 1397L, 1402L, 1402L, 1403L, 
1403L, 1404L, 1404L, 1405L, 1405L, 886L, 887L, 1266L, 1346L, 
1361L, 1361L, 1362L, 1370L, 1371L, 1371L, 1370L, 1372L, 1372L, 
1373L, 1373L, 1362L, 1363L, 1363L, 1364L, 1369L, 1369L, 1364L, 
1365L, 1365L, 1366L, 1366L, 1367L, 1367L, 1368L, 1368L, 1346L, 
1347L, 1347L, 1348L, 1348L, 1349L, 1350L, 1350L, 1351L, 1351L, 
1352L, 1353L, 1353L, 1352L, 1354L, 1354L, 1349L, 1355L, 1356L, 
1356L, 1355L, 1357L, 1360L, 1360L, 1357L, 1358L, 1358L, 1359L, 
1359L, 1266L, 1267L, 1333L, 1333L, 1334L, 1334L, 1335L, 1343L, 
1344L, 1344L, 1343L, 1345L, 1345L, 1335L, 1336L, 1336L, 1337L, 
1337L, 1338L, 1339L, 1339L, 1340L, 1340L, 1338L, 1341L, 1341L, 
1342L, 1342L, 1267L, 1268L, 1269L, 1290L, 1290L, 1291L, 1291L, 
1292L, 1292L, 1293L, 1293L, 1269L, 1270L, 1281L, 1281L, 1282L, 
1289L, 1289L, 1282L, 1283L, 1287L, 1287L, 1288L, 1288L, 1283L, 
1284L, 1284L, 1285L, 1285L, 1286L, 1286L, 1270L, 1271L, 1271L, 
1272L, 1273L, 1273L, 1272L, 1274L, 1274L, 1275L, 1275L, 1276L, 
1276L, 1277L, 1280L, 1280L, 1277L, 1278L, 1278L, 1279L, 1279L, 
1268L, 1294L, 1294L, 1295L, 1331L, 1331L, 1332L, 1332L, 1295L, 
1296L, 1297L, 1297L, 1298L, 1298L, 1299L, 1299L, 1300L, 1300L, 
1296L, 1301L, 1330L, 1330L, 1301L, 1302L, 1303L, 1304L, 1304L, 
1305L, 1305L, 1303L, 1306L, 1307L, 1307L, 1308L, 1308L, 1306L, 
1309L, 1309L, 1310L, 1310L, 1302L, 1311L, 1312L, 1313L, 1313L, 
1314L, 1314L, 1312L, 1315L, 1315L, 1316L, 1316L, 1317L, 1317L, 
1311L, 1318L, 1326L, 1327L, 1327L, 1326L, 1328L, 1328L, 1329L, 
1329L, 1318L, 1319L, 1319L, 1320L, 1325L, 1325L, 1320L, 1321L, 
1322L, 1322L, 1321L, 1323L, 1323L, 1324L, 1324L, 887L, 888L, 
889L, 890L, 890L, 891L, 891L, 892L, 945L, 945L, 946L, 946L, 947L, 
947L, 948L, 948L, 892L, 893L, 932L, 933L, 933L, 934L, 934L, 935L, 
938L, 938L, 935L, 936L, 936L, 937L, 937L, 932L, 939L, 939L, 940L, 
941L, 941L, 940L, 942L, 943L, 943L, 942L, 944L, 944L, 893L, 894L, 
895L, 895L, 896L, 896L, 897L, 897L, 894L, 898L, 898L, 899L, 929L, 
929L, 930L, 930L, 931L, 931L, 899L, 900L, 923L, 928L, 928L, 923L, 
924L, 927L, 927L, 924L, 925L, 925L, 926L, 926L, 900L, 901L, 915L, 
915L, 916L, 916L, 917L, 917L, 918L, 922L, 922L, 918L, 919L, 919L, 
920L, 920L, 921L, 921L, 901L, 902L, 910L, 914L, 914L, 910L, 911L, 
912L, 912L, 911L, 913L, 913L, 902L, 903L, 903L, 904L, 908L, 908L, 
909L, 909L, 904L, 905L, 905L, 906L, 906L, 907L, 907L, 889L, 949L, 
1003L, 1014L, 1014L, 1003L, 1004L, 1011L, 1011L, 1012L, 1012L, 
1013L, 1013L, 1004L, 1005L, 1009L, 1009L, 1010L, 1010L, 1005L, 
1006L, 1006L, 1007L, 1007L, 1008L, 1008L, 949L, 950L, 1002L, 
1002L, 950L, 951L, 951L, 952L, 1001L, 1001L, 952L, 953L, 993L, 
1000L, 1000L, 993L, 994L, 999L, 999L, 994L, 995L, 995L, 996L, 
996L, 997L, 997L, 998L, 998L, 953L, 954L, 954L, 955L, 990L, 990L, 
991L, 991L, 992L, 992L, 955L, 956L, 956L, 957L, 957L, 958L, 958L, 
959L, 959L, 960L, 960L, 961L, 985L, 986L, 986L, 987L, 987L, 985L, 
988L, 988L, 989L, 989L, 961L, 962L, 980L, 981L, 981L, 980L, 982L, 
983L, 983L, 982L, 984L, 984L, 962L, 963L, 963L, 964L, 965L, 965L, 
