"x"
"1" "list(corStruct = 1)"
"2" "list(N = 22, p = 6, REML = 0)"
"3" "list()"
"4" "c(`(Intercept)` = 2.73261642565717, boxLog = 0.455806554147069, cladespleurodira = -1.21080262621578, cladesstem = -1.38818703075157, `boxLog:cladespleurodira` = 0.12842063288588, `boxLog:cladesstem` = 0.120388405752835)"
"5" "c(0.675432271964607, -0.0360842873522288, -0.802672974285905, -0.289918124360956, 0.0628217405787843, 0.0139556138260128, -0.0360842873522288, 0.0033313087017425, 0.0371119779451874, 0.0329705882314543, -0.00354726026959231, -0.00315258106818928, -0.802672974285905, 0.0371119779451874, 24.9530506896319, 0.0798615578828677, -2.314592257347, 0.00437770007059598, -0.289918124360956, 0.0329705882314543, 0.0798615578828677, 11.7260731088971, 0.0111691997347949, -0.969720670137971, 0.0628217405787843, 
-0.00354726026959231, -2.314592257347, 0.0111691997347949, 0.217902734309985, -0.00069985069189768, 0.0139556138260128, -0.00315258106818928, 0.00437770007059598, -0.969720670137971, -0.00069985069189768, 0.082519828536696)"
"6" "0.747479649172945"
"7" "NULL"
"8" "-18.7160185479005"
"9" "0"
"10" "NULL"
"11" "gls(model = endocastLog ~ boxLog * clades, data = vol.data, correlation = corBrownian(phy = vol.MCCT), method = \"ML\")"
"12" "ML"
"13" "c(Annemys_levensis = 7.1815836916199, Apalone_spinifera = 7.85135265723392, Caretta_caretta = 7.66460891439106, Carettochelys_insculpta = 7.24936687981111, Chelodina_reimanni = 7.05422498941232, Chelonia_mydas = 8.80564755123326, Chelydra_serpentina = 8.43510924137965, Cuora_amboinensis = 6.98754693702669, Emydura_subglobosa = 7.06161611623346, Emys_orbicularis = 6.84816577221917, Eubaena_cephalica = 8.03749028033578, Kinosternon_subrubrum = 6.80142766955617, Macrochelys_temminckii = 8.82043176250711, 
Malacochersus_tornieri = 7.0046447672714, Naomichelys_speciosa = 9.15248892322007, Pelodiscus_sinensis = 7.4589231670496, Platysternon_megacephalum = 7.81312752389657, Podocnemis_unifilis = 7.81719801021676, Proganochelys_quenstedti = 8.49312190038984, Rhinochelys_pulchriceps = 6.58740584975734, Sandownia_harrisi = 8.2305507686812, Xinjiangchelys_radiplicatoides = 7.59352073592576)"
"14" "c(Min = -1.55284716486605, Q1 = -0.461902178981351, Med = -0.0166435650921775, Q3 = 0.27961499533274, Max = 0.624450269393284)"
"15" "list(`(Intercept)` = 1, boxLog = 2, clades = 3:4, `boxLog:clades` = 5:6)"
"16" "NULL"
"17" "c(1, -0.760711163053019, -0.195517624785586, -0.103016825758531, 0.163752417953398, 0.059112439323715, -0.760711163053019, 1, 0.128719646200228, 0.166818018059226, -0.131660128645761, -0.1901427037652, -0.195517624785586, 0.128719646200228, 1, 0.00466873963140993, -0.992616137838046, 0.00305073876500208, -0.103016825758531, 0.166818018059226, 0.00466873963140993, 1, 0.0069873809029706, -0.985805406624966, 0.163752417953398, -0.131660128645761, -0.992616137838046, 0.0069873809029706, 1, -0.00521909134370627, 
0.059112439323715, -0.1901427037652, 0.00305073876500208, -0.985805406624966, -0.00521909134370627, 1)"
"18" "c(2.73261642565717, 0.455806554147069, -1.21080262621578, -1.38818703075157, 0.12842063288588, 0.120388405752835, 0.821846866493149, 0.057717490431779, 4.99530286265327, 3.42433542587421, 0.466800529466265, 0.287262647305033, 3.32497030416061, 7.8971998043786, -0.242388231405984, -0.40538874207896, 0.275108156009837, 0.419088269506197, 0.00428766372655041, 6.55588815817135e-07, 0.811558995802154, 0.690560825846041, 0.786754096006358, 0.680723895785959)"
"19" "59.0693342693091"
"20" "51.4320370958009"
